1 0 0.5 2 5 Ó
2 1 1.5 6 3 Þ
1 1 0.6666666666666666 6 5 Ø
1 1 1.2 4 5 ã
1 0 0.5 2 5 Ó
2 1 1.5 6 3 Þ
1 1 0.6666666666666666 6 5 Ø
1 0 5.5 2 1 Ç
1 0 3.6666666666666665 4 2 á
3 1 0.8333333333333334 6 4 Ú
1 1 1.2 4 3 ã
1 0 5.5 2 1 Ç
2 0 1.0 6 2 ä
3 1 0.8333333333333334 4 3 í
3 1 0.8 6 3 É
1 1 1.2 4 5 ã
1 0 0.5 2 5 Ó
2 1 1.5 6 3 Þ
1 1 0.6666666666666666 6 5 Ø
1 0 5.5 2 1 Ç
1 0 3.6666666666666665 4 2 á
3 1 0.8333333333333334 6 4 Ú
1 1 1.2 4 3 ã
1 0 5.5 2 1 Ç
2 0 1.0 6 2 ä
3 1 0.8333333333333334 4 3 í
3 1 0.8 6 3 É
3 0 1.0 4 3 Ê
4 2 1.0 6 7 Ô
1 0 5.5 2 1 Ç
2 1 1.8 4 2 Ñ
2 0 0.9166666666666666 4 5 ß
